8 2 9 2 5 6 10 6 6 9 8 9 4 5 9 7
8 2 9 9 10 10 6 3 8 0 1 10 6 6 7 9
6 1 10 9 6 7 1 1 0 10 3 10 5 9 2 0
4 4 4 4 7 9 4 8 10 8 8 7 0 1 3 8
1 7 6 5 9 9 6 2 3 1 9 2 6 1 9 7
3 3 4 1 2 10 3 8 2 7 4 9 1 8 7 3
7 7 9 4 0 5 2 1 6 4 2 0 4 0 3 5
4 1 0 1 2 2 0 9 4 0 0 5 0 8 5 1
9 2 5 6 10 4 6 3 0 0 6 4 8 10 1 2
0 0 9 5 6 6 9 3 6 9 2 2 7 5 4 3
2 4 7 1 7 1 7 6 6 9 8 5 8 10 6 6
2 7 3 2 6 5 0 4 5 9 3 6 9 3 2 6
5 4 5 9 0 3 5 2 9 10 9 2 8 0 5 0
1 9 8 9 2 4 2 2 10 7 1 8 7 8 9 0
5 7 1 0 4 3 2 7 6 5 1 5 2 1 8 7
10 7 7 7 4 10 8 6 1 1 1 6 0 5 9 8
