3 0 7 4 4 6 7 9 4 4 1 0 9 1 10 5
10 2 1 3 9 5 2 6 5 0 0 5 5 6 2 6
1 1 2 2 2 8 3 3 10 10 1 2 8 2 3 8
0 7 4 10 2 2 9 4 10 3 5 7 6 0 4 9
9 3 5 8 10 1 10 8 7 0 2 6 1 9 8 2
4 1 9 8 5 6 6 8 2 4 1 1 3 3 0 1
9 1 6 6 5 0 9 5 10 0 7 1 9 5 4 7
10 0 1 0 6 6 6 2 6 0 3 0 2 9 4 6
8 5 7 1 1 6 4 9 0 4 7 9 8 10 0 3
4 9 4 7 9 4 9 3 4 4 9 4 10 3 8 9
1 1 0 6 6 1 4 8 2 6 6 7 6 8 3 1
3 5 6 3 6 8 9 0 8 3 9 5 4 5 1 5
2 6 7 10 3 0 2 2 4 8 9 0 1 0 6 7
8 6 5 0 7 8 8 7 0 1 8 7 6 10 8 1
3 5 5 6 1 1 7 9 5 1 0 4 9 2 0 9
9 7 2 8 10 1 8 10 3 3 0 3 6 8 9 8
